{
 "cells": [
  {
   "cell_type": "markdown",
   "metadata": {},
   "source": [
    "Input ==> Exponentiate ==> Normalize ==> Output\n",
    "\n",
    "Softmax: Exponentiate&Normalize\n",
    "\n",
    "Input ==> Softmax ==> Output"
   ]
  },
  {
   "cell_type": "code",
   "execution_count": 78,
   "metadata": {},
   "outputs": [],
   "source": [
    "import numpy as np\n",
    "import math"
   ]
  },
  {
   "cell_type": "code",
   "execution_count": 79,
   "metadata": {},
   "outputs": [],
   "source": [
    "layer_outputs = [[4.8, 1.21, 2.385],\n",
    "                 [8.9, -1.81, 0.2],\n",
    "                 [1.41, 1.051, 0.026]]\n",
    "E = math.e"
   ]
  },
  {
   "cell_type": "code",
   "execution_count": 80,
   "metadata": {},
   "outputs": [],
   "source": [
    "exp_values = np.exp(layer_outputs)"
   ]
  },
  {
   "cell_type": "code",
   "execution_count": 81,
   "metadata": {},
   "outputs": [
    {
     "data": {
      "text/plain": [
       "array([[1.21510418e+02, 3.35348465e+00, 1.08590627e+01],\n",
       "       [7.33197354e+03, 1.63654137e-01, 1.22140276e+00],\n",
       "       [4.09595540e+00, 2.86051020e+00, 1.02634095e+00]])"
      ]
     },
     "execution_count": 81,
     "metadata": {},
     "output_type": "execute_result"
    }
   ],
   "source": [
    "exp_values"
   ]
  },
  {
   "cell_type": "code",
   "execution_count": 82,
   "metadata": {},
   "outputs": [],
   "source": [
    "norm_values = exp_values / np.sum(exp_values, axis=1, keepdims=True)"
   ]
  },
  {
   "cell_type": "code",
   "execution_count": 83,
   "metadata": {},
   "outputs": [
    {
     "data": {
      "text/plain": [
       "array([[8.95282664e-01, 2.47083068e-02, 8.00090293e-02],\n",
       "       [9.99811129e-01, 2.23163963e-05, 1.66554348e-04],\n",
       "       [5.13097164e-01, 3.58333899e-01, 1.28568936e-01]])"
      ]
     },
     "execution_count": 83,
     "metadata": {},
     "output_type": "execute_result"
    }
   ],
   "source": [
    "norm_values"
   ]
  },
  {
   "cell_type": "code",
   "execution_count": 84,
   "metadata": {},
   "outputs": [],
   "source": [
    "class Activation_ReLU:\n",
    "    def forward(self, inputs):\n",
    "        self.output = np.maximum(0, inputs)"
   ]
  },
  {
   "cell_type": "code",
   "execution_count": 85,
   "metadata": {},
   "outputs": [],
   "source": [
    "class Activation_Softmax:\n",
    "    def forward(self, inputs):\n",
    "        exp_values = np.exp(inputs - np.max(inputs, axis=1, keepdims=True))\n",
    "        probabilities = exp_values / np.sum(exp_values, axis=1, keepdims=True)\n",
    "        self.output = probabilities"
   ]
  },
  {
   "cell_type": "code",
   "execution_count": 86,
   "metadata": {},
   "outputs": [],
   "source": [
    "class Layer_Dense:\n",
    "    def __init__(self, n_inputs, n_neurons):\n",
    "        self.weights = 0.1 * np.random.randn(n_inputs, n_neurons)\n",
    "        self.biases = np.zeros((1, n_neurons))\n",
    "    def forward(self, inputs):\n",
    "        self.output = np.dot(inputs, self.weights) + self.biases"
   ]
  },
  {
   "cell_type": "code",
   "execution_count": 87,
   "metadata": {},
   "outputs": [],
   "source": [
    "#https://cs231n.github.io/neural-networks-case-study/\n",
    "def spiral_data(points, classes):\n",
    "    X = np.zeros((points*classes, 2))\n",
    "    y = np.zeros(points*classes, dtype='uint8')\n",
    "    for class_number in range(classes):\n",
    "        ix = range(points*class_number, points*(class_number+1))\n",
    "        r = np.linspace(0.0, 1, points)  # radius\n",
    "        t = np.linspace(class_number*4, (class_number+1)*4, points) + np.random.randn(points)*0.2\n",
    "        X[ix] = np.c_[r*np.sin(t*2.5), r*np.cos(t*2.5)]\n",
    "        y[ix] = class_number\n",
    "    return X, y"
   ]
  },
  {
   "cell_type": "code",
   "execution_count": 88,
   "metadata": {},
   "outputs": [],
   "source": [
    "X,y = spiral_data(100, 3)\n",
    "\n",
    "dense1 = Layer_Dense(2,3)\n",
    "activation1 = Activation_ReLU()\n",
    "\n",
    "dense2 = Layer_Dense(3,3)\n",
    "activation2 = Activation_Softmax()"
   ]
  },
  {
   "cell_type": "code",
   "execution_count": 89,
   "metadata": {},
   "outputs": [],
   "source": [
    "dense1.forward(X)\n",
    "activation1.forward(dense1.output)\n",
    "\n",
    "dense2.forward(activation1.output)\n",
    "activation2.forward(dense2.output)"
   ]
  },
  {
   "cell_type": "code",
   "execution_count": 90,
   "metadata": {},
   "outputs": [
    {
     "data": {
      "text/plain": [
       "array([[0.33333333, 0.33333333, 0.33333333],\n",
       "       [0.33333333, 0.33333333, 0.33333333],\n",
       "       [0.33333398, 0.33333257, 0.33333345],\n",
       "       [0.33333569, 0.33333053, 0.33333378],\n",
       "       [0.33335208, 0.33328229, 0.33336563]])"
      ]
     },
     "execution_count": 90,
     "metadata": {},
     "output_type": "execute_result"
    }
   ],
   "source": [
    "activation2.output[:5]"
   ]
  }
 ],
 "metadata": {
  "kernelspec": {
   "display_name": "Python 3",
   "language": "python",
   "name": "python3"
  },
  "language_info": {
   "codemirror_mode": {
    "name": "ipython",
    "version": 3
   },
   "file_extension": ".py",
   "mimetype": "text/x-python",
   "name": "python",
   "nbconvert_exporter": "python",
   "pygments_lexer": "ipython3",
   "version": "3.8.1"
  }
 },
 "nbformat": 4,
 "nbformat_minor": 4
}
